-23
22
-8
12
0000000000000000000000000000000000000000000000
0000000000000000000000000000000000000000000000
0000000000000000000000000000000000000000000000
0000000000000000000000000000000000000000000000
0000000000000000000000000000000000000000000000
0000000000000000000000000000000000000000000000
0000000000000000000000000000000000000000000000
0000000000000000000000000000000000000000000000
0000000000000000000000000000000000000000000000
0000000000000000000000000000000011111000000000
0000000000000000000000000000000011111000000000
0000000000000000000000000000000011111000000000
0000000000000000000000000000000011111000000000
0000000000000000000000000000000011111000000000
0000000000000000010000000000000011111000000000
0000000000000000000000000000000000000000000000
0000000000000000010000000000000000000000000000
0000000000000000000000000000000000000000000000
0000000000000000000000000000000000000000000000
0000000000000000000000000000000000000000000000
0000000000000000000000000000000000000000000000
